STATISTICS 
 MALECOUNTER=2.0
 FEMALECOUNTER=1.0
 PERCENTMALE=0.6666666666666666
 PERCENTFEMALE=0.3333333333333333
 MEANAGE=29.0